n, lon_esq, lon_dir, lat_inf, lat_sup
21, -47.15, -47.05, -22.85, -22.76
22, -47.15, -47.05, -22.87, -22.77
23, -47.14, -47.04, -22.88, -22.77
24, -47.13, -47.03, -22.88, -22.78
25, -47.18, -47.02, -22.88, -22.69
26, -47.19, -47.02, -22.88, -22.68
27, -47.19, -47.00, -22.89, -22.68
28, -47.19, -47.00, -22.90, -22.68
29, -47.17, -46.95, -22.93, -22.73
30, -47.17, -46.94, -22.94, -22.73
31, -47.15, -46.90, -22.95, -22.65
32, -47.13, -46.90, -22.97, -22.70
33, -47.10, -46.85, -22.97, -22.73
34, -47.08, -46.85, -22.98, -22.74
35, -47.08, -46.85, -22.98, -22.76
36, -47.06, -46.83, -22.99, -22.80
37, -47.02, -46.82, -22.99, -22.82
38, -47.01, -46.82, -23.00, -22.83
39, -47.01, -46.82, -23.01, -22.84
40, -47.01, -46.82, -23.02, -22.84
41, -47.01, -46.82, -23.01, -22.84
42, -47.01, -46.82, -23.00, -22.84
43, -47.01, -46.82, -22.98, -22.84
44, -47.00, -46.82, -22.96, -22.84