n, lon_esq, lon_dir, lat_inf, lat_sup
27, -47.10, -47.04, -22.97, -22.88
28, -47.15, -47.02, -23.00, -22.87
29, -47.15, -47.00, -22.99, -22.86
30, -47.15, -46.99, -22.99, -22.84
31, -47.15, -46.99, -22.99, -22.83
32, -47.20, -46.98, -22.98, -22.82
33, -47.20, -46.98, -22.97, -22.81
34, -47.17, -46.95, -22.96, -22.81
35, -47.17, -46.95, -22.95, -22.80
36, -47.17, -46.94, -23.02, -22.80
37, -47.17, -47.04, -22.99, -22.84
38, -47.19, -47.01, -23.00, -22.81
39, -47.19, -46.99, -23.00, -22.81
40, -47.19, -46.98, -23.00, -22.80
41, -47.19, -46.98, -22.98, -22.78
42, -47.19, -46.97, -22.97, -22.77
43, -47.21, -46.97, -22.97, -22.76
44, -47.21, -46.96, -22.96, -22.75
45, -47.21, -46.96, -22.95, -22.75
46, -47.20, -46.96, -22.92, -22.74
47, -47.19, -46.96, -22.90, -22.73
48, -47.17, -46.95, -22.89, -22.72
49, -47.17, -46.97, -22.86, -22.68
50, -47.17, -46.97, -22.84, -22.67