n, lon_esq, lon_dir, lat_inf, lat_sup
43, -47.15, -47.09, -22.95, -22.89
44, -47.17, -47.07, -22.95, -22.83
46, -47.18, -47.06, -22.96, -22.85
47, -47.19, -47.04, -22.97, -22.85
48, -47.20, -47.02, -23.00, -22.84
49, -47.21, -47.01, -23.00, -22.83
50, -47.22, -47.01, -23.01, -22.83
51, -47.22, -47.02, -23.01, -22.83
52, -47.22, -47.03, -23.01, -22.84
53, -47.22, -47.04, -23.01, -22.84
54, -47.19, -47.04, -22.98, -22.84
55, -47.18, -47.03, -22.99, -22.84
56, -47.17, -47.02, -23.01, -22.84
57, -47.17, -47.01, -23.02, -22.87