83779 SBMT Marte Civ Observations at 12Z 15 Nov 2017

-----------------------------------------------------------------------------
   PRES   HGHT   TEMP   DWPT   RELH   MIXR   DRCT   SKNT   THTA   THTE   THTV
    hPa     m      C      C      %    g/kg    deg   knot     K      K      K 
-----------------------------------------------------------------------------
 1000.0    127                                                               
  934.0    722   20.2   12.2     60   9.64     40      8  299.1  327.6  300.9
  929.0    767   18.2   11.2     64   9.07     65      8  297.6  324.2  299.2
  925.0    803   18.0   11.0     64   8.98     85      8  297.7  324.1  299.3
  911.0    933   16.6   11.6     72   9.50     62     10  297.6  325.4  299.3
  898.0   1057   17.3   11.4     68   9.50     40     12  299.5  327.6  301.2
  860.0   1428   19.3   10.7     58   9.48      0     24  305.3  334.1  307.0
  854.0   1488   19.6   10.6     56   9.48    357     21  306.2  335.1  308.0
  850.0   1528   19.4   10.4     56   9.40    355     19  306.4  335.1  308.2
  818.0   1853   16.8    7.5     54   8.02    330     12  307.1  331.7  308.6
  803.0   2010   15.6    6.1     53   7.42    310      6  307.4  330.3  308.8
  759.0   2488   11.8    1.9     51   5.82    335     11  308.3  326.4  309.4
  746.0   2635   10.6    0.6     50   5.39    319     10  308.5  325.4  309.5
  741.0   2691   11.0   -6.0     30   3.31    313     10  309.6  320.3  310.2
  735.0   2758   10.8   -8.0     26   2.86    305     10  310.1  319.5  310.7
  709.0   3058   10.2  -16.8     13   1.46    323      6  312.6  317.6  312.9
  700.0   3164    9.2  -17.8     13   1.36    330      4  312.6  317.3  312.9
  677.0   3434    7.3  -19.8     12   1.18    290      3  313.6  317.7  313.8
  548.0   5142   -4.5  -32.5      9   0.46    185      3  319.0  320.7  319.1
  530.0   5405   -4.7  -37.7      6   0.28    169      3  321.8  322.9  321.9
  500.0   5860   -8.7  -31.7     14   0.54    140      3  322.4  324.4  322.5
  465.0   6415  -13.8  -31.0     22   0.63    180     10  322.7  325.1  322.8
  453.0   6615  -15.7  -30.7     26   0.66    176     12  322.8  325.3  322.9
  449.0   6682  -16.3  -31.5     26   0.62    175     12  322.9  325.2  323.0
  438.0   6868  -18.0  -33.7     24   0.51    195     10  323.0  324.9  323.1
  430.0   7006  -19.3  -35.3     23   0.44    199     10  323.1  324.8  323.2
  406.0   7430  -22.5  -37.7     24   0.37    210     10  324.3  325.7  324.4
  400.0   7540  -23.3  -38.3     24   0.35    220      9  324.6  326.0  324.7
  386.0   7799  -25.1  -49.1      9   0.11    243     10  325.6  326.1  325.6
  376.0   7988  -26.7  -43.9     18   0.21    260     10  325.9  326.7  325.9
  370.0   8104  -27.7  -40.7     28   0.30    240     12  326.1  327.3  326.1
  343.0   8639  -31.4  -46.6     21   0.17    215     15  328.2  328.9  328.2
  322.0   9086  -34.5  -51.5     16   0.10    230     13  329.9  330.3  329.9
  314.0   9262  -33.1  -64.1      3   0.02    199     15  334.2  334.3  334.2
  309.0   9374  -33.7  -64.4      3   0.02    180     17  334.9  335.0  334.9
  303.0   9511  -34.5  -64.7      3   0.02    175     19  335.7  335.8  335.7
  300.0   9580  -34.9  -64.9      3   0.02    180     19  336.1  336.2  336.1
  289.0   9836  -36.8  -65.8      3   0.02    170     14  336.9  337.0  336.9
  282.0  10004  -38.1  -66.4      4   0.02    200     12  337.5  337.6  337.5
  256.0  10667  -43.1  -68.7      4   0.01    200     16  339.6  339.6  339.6
  250.0  10830  -44.3  -69.3      5   0.01    205     18  340.1  340.1  340.1
  234.0  11264  -47.5  -71.1      5   0.01    225     11  341.7  341.8  341.7
  228.0  11434  -48.8  -71.9      5   0.01    235     15  342.3  342.4  342.3
  213.0  11881  -52.1  -73.8      6   0.01    215     21  343.9  343.9  343.9
  206.0  12100  -53.7  -74.7      6   0.01    196     21  344.6  344.7  344.6
  204.0  12163  -53.8  -75.1      6   0.01    190     21  345.5  345.5  345.5
  200.0  12290  -53.9  -75.9      5   0.01    190     17  347.2  347.3  347.2
  193.0  12516  -54.8  -77.1      5   0.01    210     25  349.4  349.4  349.4
  169.0  13359  -58.0  -81.5      3   0.00    215     27  357.5  357.5  357.5
  158.0  13786  -59.7  -83.7      3   0.00    209     31  361.6  361.6  361.6
  152.0  14027  -61.2  -85.9      2   0.00    205     34  363.1  363.1  363.1
  150.0  14110  -61.7  -86.7      2   0.00    205     34  363.6  363.6  363.6
  126.0  15170  -69.1  -90.8      3   0.00    215     29  368.7  368.7  368.7
  122.0  15366  -70.5  -91.5      3   0.00    209     29  369.6  369.6  369.6
  109.0  16032  -72.3  -91.5      4   0.00    190     31  378.4  378.4  378.4
  105.0  16252  -72.9  -91.5      5   0.00    200     29  381.3  381.3  381.3
  101.0  16482  -73.5  -91.5      5   0.00    190     28  384.4  384.4  384.4
  100.0  16540  -73.7  -91.7      5   0.00    190     27  385.1  385.1  385.1
   87.3  17326  -77.1  -93.1      6   0.00    150     32  393.5  393.5  393.5
   85.0  17481  -76.5  -92.7      6   0.00    140     28  397.8  397.8  397.8
   77.0  18056  -74.0  -91.2      6   0.00    140     21  414.2  414.3  414.2
   75.0  18209  -73.4  -90.8      6   0.00    115     18  418.7  418.7  418.7
   71.0  18528  -72.0  -89.9      5   0.00    125     18  428.2  428.2  428.2
   70.0  18610  -71.7  -89.7      5   0.00    110     20  430.7  430.7  430.7
   68.0  18780  -72.0  -90.4      5   0.00     90     19  433.5  433.5  433.5
   60.2  19494  -73.5  -93.5      3   0.00     85     14  445.6  445.6  445.6
   60.0  19514  -73.3  -93.5      3   0.00     85     14  446.4  446.4  446.4
   57.0  19818  -71.1  -92.7      3   0.00    105     13  458.1  458.1  458.1
   53.0  20249  -67.9  -91.5      2   0.00     90     12  475.1  475.1  475.1
   52.3  20328  -67.3  -91.3      2   0.00    104     14  478.3  478.3  478.3
   52.0  20363  -67.1  -91.2      2   0.00    110     15  479.6  479.6  479.6
   51.0  20480  -66.3  -90.8      2   0.00    100     18  484.1  484.1  484.1
   50.0  20600  -65.5  -90.5      2   0.00     95     16  488.7  488.7  488.7
   49.0  20724  -65.0  -90.5      2   0.00    100      5  492.7  492.7  492.7
   44.0  21386  -62.4  -90.5      1   0.00    125     11  514.5  514.5  514.5
   43.0  21528  -61.8  -90.5      1   0.00    105     11  519.2  519.3  519.2
   41.0  21821  -60.7  -90.5      1   0.00    120     12  529.2  529.3  529.2
   40.7  21866  -60.5  -90.5      1   0.00    117     13  530.8  530.8  530.8
   39.0  22131  -60.7  -90.7      1   0.00    100     20  536.7  536.7  536.7
   36.0  22628  -61.2  -91.2      1   0.00     70     10  547.9  548.0  547.9
   35.0  22803  -61.4  -91.3      1   0.00     85     11  552.0  552.0  552.0
   34.0  22983  -61.5  -91.5      1   0.00     65     12  556.1  556.1  556.1
   32.9  23187  -61.7  -91.7      1   0.00     76     11  560.9  560.9  560.9
   32.0  23359  -61.2  -91.5      1   0.00     85     10  566.6  566.6  566.6
   30.0  23760  -60.1  -91.1      1   0.00     40     12  580.2  580.2  580.2
   29.0  23973  -59.3  -90.7      1   0.00     30     11  588.0  588.0  588.0
   27.0  24421  -57.7  -89.7      1   0.00                604.7  604.7  604.7

Station information and sounding indices

                         Station identifier: SBMT
                             Station number: 83779
                           Observation time: 171115/1200
                           Station latitude: -23.52
                          Station longitude: -46.63
                          Station elevation: 722.0
                            Showalter index: 0.28
                               Lifted index: 4.29
    LIFT computed using virtual temperature: 3.93
                                SWEAT index: 165.79
                                    K index: 11.50
                         Cross totals index: 19.10
                      Vertical totals index: 28.10
                        Totals totals index: 47.20
      Convective Available Potential Energy: 0.00
             CAPE using virtual temperature: 0.00
                      Convective Inhibition: 0.00
             CINS using virtual temperature: 0.00
                     Bulk Richardson Number: 0.00
          Bulk Richardson Number using CAPV: 0.00
  Temp [K] of the Lifted Condensation Level: 283.09
Pres [hPa] of the Lifted Condensation Level: 826.63
     Mean mixed layer potential temperature: 298.93
              Mean mixed layer mixing ratio: 9.38
              1000 hPa to 500 hPa thickness: 5733.00
Precipitable water [mm] for entire sounding: 19.20