n, lon_esq, lon_dir, lat_inf, lat_sup
26, -47.20, -47.11, -22.70, -22.61
27, -47.19, -47.10, -22.71, -22.61
28, -47.20, -47.09, -22.72, -22.61
29, -47.19, -47.10, -22.72, -22.61
30, -47.19, -47.01, -22.74, -22.61
31, -47.18, -47.01, -22.73, -22.61
32, -47.18, -47.01, -22.77, -22.62
33, -47.19, -47.01, -22.81, -22.62
34, -47.21, -47.02, -22.83, -22.60
35, -47.21, -47.02, -22.84, -22.59
36, -47.21, -46.99, -22.78, -22.59
37, -47.22, -46.99, -22.77, -22.58
38, -47.22, -47.01, -22.81, -22.58
39, -47.26, -46.86, -22.91, -22.55
40, -47.26, -46.86, -22.91, -22.55
41, -47.43, -46.86, -22.90, -22.53
42, -47.43, -46.86, -22.92, -22.48
43, -47.41, -46.86, -22.95, -22.46
44, -47.45, -46.86, -22.96, -22.46
45, -47.36, -46.95, -23.00, -22.70
46, -47.36, -46.97, -23.02, -22.72
47, -47.35, -46.99, -23.03, -22.72
48, -47.35, -47.08, -23.10, -22.72
49, -47.35, -47.08, -23.10, -22.75
50, -47.35, -47.07, -23.11, -22.78
51, -47.35, -47.06, -23.11, -22.80
52, -47.37, -47.06, -23.12, -22.80
53, -47.32, -47.06, -23.13, -22.81
54, -47.26, -47.06, -23.14, -22.83
55, -47.26, -47.07, -23.14, -22.85
56, -47.28, -47.07, -23.17, -22.90
58, -47.30, -47.06, -23.22, -22.93
59, -47.32, -47.04, -23.23, -22.93
60, -47.32, -47.04, -23.24, -22.94
61, -47.31, -47.02, -23.24, -22.96
62, -47.29, -47.02, -23.25, -22.98
63, -47.28, -47.06, -23.27, -23.00
64, -47.29, -47.10, -23.29, -23.02
65, -47.60, -47.10, -23.29, -23.03
66, -47.60, -47.10, -23.30, -23.04